1.222999999999998977e+01
1.037000000000000455e+01
9.580000000000012506e+00
1.014000000000001478e+01
9.969999999999970441e+00
1.022999999999998977e+01
1.083999999999997499e+01
1.217999999999997840e+01
1.314000000000001478e+01
1.316000000000002501e+01
1.359999999999999432e+01
1.443999999999999773e+01
1.519999999999998863e+01
1.449000000000000909e+01
1.268999999999996930e+01
1.230000000000001137e+01
1.134999999999999432e+01
7.600000000000022737e+00
4.070000000000021600e+00
3.080000000000012506e+00
3.400000000000034106e+00
3.560000000000030695e+00
3.370000000000004547e+00
2.340000000000003411e+00
1.599999999999965894e+00
1.650000000000005684e+00
2.720000000000027285e+00
4.189999999999997726e+00
4.149999999999977263e+00
4.360000000000013642e+00
4.539999999999992042e+00
3.740000000000009095e+00
4.220000000000027285e+00
4.350000000000022737e+00
4.010000000000019327e+00
4.140000000000014779e+00
3.630000000000023874e+00
3.879999999999995453e+00
4.300000000000011369e+00
4.329999999999984084e+00
3.779999999999972715e+00
3.890000000000014779e+00
3.569999999999993179e+00
4.070000000000021600e+00
4.869999999999976126e+00
5.140000000000014779e+00
5.199999999999988631e+00
5.210000000000007958e+00
4.920000000000015916e+00
4.840000000000003411e+00
5.189999999999997726e+00
5.299999999999982947e+00
5.640000000000014779e+00
5.260000000000019327e+00
6.140000000000014779e+00
6.230000000000018190e+00
5.019999999999981810e+00
4.259999999999990905e+00
4.899999999999977263e+00
5.389999999999986358e+00
5.120000000000004547e+00
4.780000000000001137e+00
4.049999999999982947e+00
3.889999999999986358e+00
3.849999999999994316e+00
3.879999999999995453e+00
3.340000000000003411e+00
3.810000000000002274e+00
3.949999999999988631e+00
3.250000000000000000e+00
2.870000000000004547e+00
2.280000000000001137e+00
2.119999999999976126e+00
1.979999999999989768e+00
1.899999999999977263e+00
1.909999999999996589e+00
1.969999999999998863e+00
2.060000000000002274e+00
1.939999999999997726e+00
1.629999999999995453e+00
1.219999999999998863e+00
1.500000000000000000e+00
1.659999999999996589e+00
1.729999999999989768e+00
1.819999999999993179e+00
1.669999999999987494e+00
1.800000000000011369e+00
2.009999999999990905e+00
2.039999999999992042e+00
2.089999999999974989e+00
2.160000000000025011e+00
2.080000000000012506e+00
1.889999999999986358e+00
1.590000000000031832e+00
1.750000000000000000e+00
1.800000000000011369e+00
1.450000000000017053e+00
1.500000000000000000e+00
1.580000000000040927e+00
1.489999999999980673e+00
1.360000000000013642e+00
1.289999999999963620e+00
1.629999999999995453e+00
1.439999999999997726e+00
1.039999999999992042e+00
1.049999999999982947e+00
1.090000000000003411e+00
8.600000000000136424e-01
5.999999999999943157e-01
2.800000000000011369e-01
-9.999999999990905053e-03
-3.300000000000125056e-01
-3.299999999999840838e-01
-3.499999999999943157e-01
-1.900000000000261480e-01
-2.700000000000102318e-01
-5.399999999999920419e-01
-6.599999999999681677e-01
-6.999999999999886313e-01
-7.599999999999909051e-01
-5.000000000000000000e-01
-5.400000000000204636e-01
-3.499999999999943157e-01
-2.600000000000193268e-01
-8.000000000001250555e-02
3.999999999999204192e-02
2.500000000000000000e-01
5.200000000000102318e-01
6.899999999999977263e-01
9.500000000000170530e-01
7.800000000000295586e-01
6.100000000000136424e-01
5.999999999999658939e-01
5.899999999999749889e-01
5.799999999999840838e-01
6.700000000000159162e-01
8.199999999999931788e-01
1.050000000000011369e+00
8.499999999999658939e-01
