1.500000000000000000e+00
4.200000000000017053e+00
1.899999999999977263e+00
1.000000000000000000e+00
1.300000000000011369e+00
1.099999999999994316e+00
1.500000000000000000e+00
1.599999999999994316e+00
2.400000000000005684e+00
1.799999999999982947e+00
1.300000000000011369e+00
1.400000000000005684e+00
1.500000000000000000e+00
1.599999999999994316e+00
1.300000000000011369e+00
1.299999999999982947e+00
1.300000000000011369e+00
1.000000000000000000e+00
1.000000000000000000e+00
1.400000000000005684e+00
1.900000000000005684e+00
1.400000000000005684e+00
9.000000000000056843e-01
5.999999999999943157e-01
8.999999999999772626e-01
8.999999999999772626e-01
1.699999999999988631e+00
1.200000000000017053e+00
2.199999999999988631e+00
4.299999999999982947e+00
4.099999999999994316e+00
3.699999999999988631e+00
3.300000000000011369e+00
2.400000000000005684e+00
2.099999999999994316e+00
2.599999999999994316e+00
4.500000000000000000e+00
5.800000000000011369e+00
5.300000000000011369e+00
7.800000000000011369e+00
7.000000000000000000e+00
7.400000000000005684e+00
1.090000000000000568e+01
1.220000000000001705e+01
1.120000000000001705e+01
1.200000000000000000e+01
1.309999999999999432e+01
1.240000000000000568e+01
1.240000000000000568e+01
1.250000000000000000e+01
1.440000000000000568e+01
1.390000000000000568e+01
1.400000000000000000e+01
1.360000000000002274e+01
1.369999999999998863e+01
1.430000000000001137e+01
1.300000000000000000e+01
1.490000000000000568e+01
1.330000000000001137e+01
1.240000000000000568e+01
1.190000000000000568e+01
