7.900000000000005684e+00
8.500000000000000000e+00
8.699999999999988631e+00
9.599999999999994316e+00
9.599999999999994316e+00
9.800000000000011369e+00
1.040000000000000568e+01
1.000000000000000000e+01
1.019999999999998863e+01
1.000000000000000000e+01
1.059999999999999432e+01
1.029999999999998295e+01
1.100000000000000000e+01
1.119999999999998863e+01
8.400000000000005684e+00
9.400000000000005684e+00
7.699999999999988631e+00
5.300000000000011369e+00
7.699999999999988631e+00
7.899999999999977263e+00
6.000000000000000000e+00
6.900000000000005684e+00
4.300000000000011369e+00
3.799999999999982947e+00
2.200000000000017053e+00
1.900000000000005684e+00
2.000000000000000000e+00
1.799999999999982947e+00
1.800000000000011369e+00
1.599999999999994316e+00
1.099999999999994316e+00
1.300000000000011369e+00
1.400000000000005684e+00
1.500000000000000000e+00
1.099999999999994316e+00
1.000000000000000000e+00
9.000000000000056843e-01
8.999999999999772626e-01
9.000000000000056843e-01
1.099999999999994316e+00
9.000000000000056843e-01
1.000000000000000000e+00
1.300000000000011369e+00
1.299999999999982947e+00
1.599999999999994316e+00
1.599999999999994316e+00
1.799999999999982947e+00
1.800000000000011369e+00
1.800000000000011369e+00
1.699999999999988631e+00
2.000000000000000000e+00
4.599999999999994316e+00
4.400000000000005684e+00
2.599999999999994316e+00
3.000000000000000000e+00
3.199999999999988631e+00
3.700000000000017053e+00
3.400000000000005684e+00
3.000000000000000000e+00
3.799999999999982947e+00
4.300000000000011369e+00
5.200000000000017053e+00
7.599999999999994316e+00
5.000000000000000000e+00
4.599999999999994316e+00
6.000000000000000000e+00
5.500000000000000000e+00
5.400000000000005684e+00
